Deploymentstrategy: angularspiral
Robots: 100
Viewingrange: 50

Results: 
Iterations: 85
TotalDistance: 1589,782609
TotalMangan: 725,100000

Robots coordinates:
225 244
227 252
218 249
217 239
224 235
232 230
233 240
235 249
238 257
229 260
221 259
213 262
211 254
209 246
208 237
206 229
216 230
224 226
229 219
246 229
240 234
249 237
243 243
244 252
246 262
243 270
236 266
227 269
218 270
209 269
203 261
202 252
200 243
198 234
200 224
203 216
211 222
211 212
219 219
238 223
237 214
245 219
253 224
257 232
251 246
261 250
252 256
254 266
250 274
242 281
235 275
226 277
222 286
218 278
209 277
201 279
192 271
200 270
194 262
194 253
192 243
189 235
192 227
193 215
208 204
217 202
227 201
220 211
229 211
237 203
246 208
253 213
261 219
265 228
267 238
259 241
270 247
269 257
260 259
265 267
260 275
253 283
244 290
235 292
233 284
225 294
214 293
211 286
202 290
192 283
185 275
182 266
177 257
187 258
185 248
176 247
180 239
180 230
185 220
198 208
